              precision    recall  f1-score   support

           0       0.91      0.95      0.93       263
           1       0.95      0.97      0.96       239
           2       0.90      0.88      0.89       247
           3       0.90      0.87      0.88       262
           4       0.94      0.94      0.94       249
           5       0.94      0.94      0.94       245
           6       0.96      0.93      0.94       120

    accuracy                           0.93      1625
   macro avg       0.93      0.93      0.93      1625
weighted avg       0.93      0.93      0.93      1625