              precision    recall  f1-score   support

           0       1.00      1.00      1.00       263
           1       1.00      1.00      1.00       239
           2       1.00      1.00      1.00       247
           3       1.00      1.00      1.00       262
           4       1.00      1.00      1.00       249
           5       1.00      1.00      1.00       245
           6       1.00      1.00      1.00       120

    accuracy                           1.00      1625
   macro avg       1.00      1.00      1.00      1625
weighted avg       1.00      1.00      1.00      1625