              precision    recall  f1-score   support

           0       0.94      0.94      0.94       263
           1       0.94      0.97      0.96       235
           2       0.95      0.93      0.94       253
           3       0.93      0.91      0.92       254
           4       0.95      0.96      0.95       249
           5       0.96      0.96      0.96       250
           6       0.98      0.98      0.98       120

    accuracy                           0.95      1624
   macro avg       0.95      0.95      0.95      1624
weighted avg       0.95      0.95      0.95      1624
